        6
        17
        6
        3
        9
        17
        11
        1
        5
        8
        3
        3
        1
        3
        2
        0
        3
        5
        0
        11
        7
        3
        12
        4
        2
        8
        0
        4
        7
        2
        3
        0
        0
        3
        4
        3
        3
        1
        1
        0
        0
        2
        3
        4
        4
        4
        0
        0
        1
        0
        3
        2
        3
        5
        0
        1
        0
        0
        4
        0
        0
        0
        2
        1
        0
        4
        4
        4
        6
        6
        5
        3
        5
        14
        17
        48
        97
        132
        215
        282
        394
        467
        503
        477
        371
        399
        554
        516
        683
        950
        1081
        1082
        1153
        1406
        1172
        1202
        1042
        999
        857
        734
        626
        533
        461
        357
        337
        235
        226
        231
        201
        187
        214
        170
        156
        83
        71
        57
        27
        16
        15
        3
        2
        0
        0
        0
        0
        0
        0
        0
        0
        0
        0
        0
        0
        0
        0
        0
        0
        0
        0
        0
