        28
        87
        32
        20
        54
        65
        53
        31
        27
        33
        19
        13
        9
        22
        24
        11
        29
        26
        11
        46
        33
        14
        41
        15
        17
        39
        8
        29
        34
        19
        16
        15
        4
        21
        14
        22
        19
        11
        11
        7
        3
        13
        22
        14
        22
        29
        3
        7
        6
        6
        13
        7
        8
        19
        0
        6
        5
        0
        21
        14
        0
        0
        8
        6
        14
        25
        19
        18
        27
        38
        14
        21
        14
        73
        80
        225
        482
        825
        1226
        1685
        2447
        2787
        2826
        2767
        2369
        2415
        3145
        3197
        4323
        5657
        6370
        6691
        7218
        7870
        7286
        7048
        6337
        5798
        5135
        4358
        3870
        3118
        2675
        2159
        1946
        1470
        1256
        1279
        1238
        1123
        1186
        1102
        838
        573
        418
        357
        208
        99
        81
        26
        7
        0
        3
        0
        0
        0
        4
        0
        0
        0
        0
        0
        0
        0
        0
        0
        0
        0
        0
        0
