        14
        39
        13
        6
        20
        33
        23
        9
        11
        16
        8
        7
        3
        7
        7
        1
        11
        13
        3
        23
        17
        6
        22
        8
        8
        16
        2
        12
        15
        6
        5
        4
        0
        8
        8
        9
        6
        3
        3
        0
        0
        4
        9
        8
        10
        11
        0
        0
        3
        0
        7
        4
        5
        10
        0
        3
        2
        0
        11
        4
        0
        0
        4
        3
        4
        11
        9
        8
        12
        16
        8
        5
        8
        35
        32
        107
        212
        341
        518
        709
        993
        1167
        1206
        1183
        974
        1004
        1352
        1306
        1766
        2355
        2691
        2728
        2974
        3347
        2998
        2973
        2611
        2453
        2131
        1811
        1605
        1310
        1121
        901
        822
        597
        528
        556
        517
        458
        509
        444
        369
        230
        175
        144
        84
        38
        36
        9
        4
        0
        0
        0
        0
        0
        1
        0
        0
        0
        0
        0
        0
        0
        0
        0
        0
        0
        0
        0
