        54
        148
        60
        41
        102
        111
        93
        62
        45
        57
        40
        26
        20
        37
        45
        29
        47
        41
        21
        79
        53
        30
        64
        29
        34
        72
        17
        60
        55
        37
        31
        32
        15
        41
        25
        42
        38
        23
        23
        19
        7
        23
        41
        23
        36
        47
        6
        19
        10
        18
        19
        13
        13
        31
        1
        11
        8
        2
        37
        26
        0
        0
        14
        9
        28
        43
        36
        35
        49
        62
        23
        40
        21
        119
        141
        387
        820
        1500
        2256
        3076
        4540
        5046
        5104
        5091
        4420
        4510
        5658
        5991
        7822
        10264
        11599
        12477
        13392
        14302
        13395
        12867
        11704
        10564
        9427
        8071
        7097
        5734
        4868
        3958
        3483
        2685
        2347
        2266
        2298
        2115
        2176
        2008
        1491
        1059
        798
        651
        384
        179
        131
        52
        12
        0
        6
        0
        0
        0
        7
        0
        0
        0
        0
        0
        0
        0
        0
        0
        0
        0
        0
        0
