        22
        69
        25
        14
        41
        53
        42
        22
        21
        26
        15
        11
        7
        16
        18
        7
        23
        21
        8
        37
        27
        10
        34
        12
        14
        31
        6
        22
        27
        14
        11
        10
        1
        15
        12
        17
        14
        7
        7
        3
        2
        10
        17
        12
        18
        23
        2
        4
        5
        3
        11
        6
        7
        16
        0
        5
        4
        0
        17
        10
        0
        0
        7
        5
        10
        20
        15
        14
        21
        30
        12
        15
        12
        59
        62
        181
        381
        643
        959
        1315
        1888
        2179
        2216
        2166
        1826
        1872
        2464
        2468
        3366
        4400
        4978
        5166
        5598
        6133
        5649
        5505
        4901
        4529
        3991
        3381
        3011
        2426
        2094
        1683
        1524
        1138
        973
        1012
        964
        859
        922
        850
        662
        444
        325
        277
        162
        76
        65
        18
        6
        0
        2
        0
        0
        0
        3
        0
        0
        0
        0
        0
        0
        0
        0
        0
        0
        0
        0
        0
