        104
        253
        108
        87
        182
        180
        158
        119
        78
        104
        85
        53
        36
        57
        84
        61
        72
        65
        45
        136
        92
        56
        104
        59
        70
        129
        47
        110
        87
        68
        60
        60
        32
        72
        44
        84
        66
        40
        39
        39
        19
        40
        75
        35
        64
        79
        10
        37
        18
        40
        29
        25
        22
        54
        10
        20
        12
        10
        61
        46
        0
        4
        29
        17
        51
        75
        67
        61
        92
        99
        41
        74
        44
        198
        241
        706
        1419
        2693
        4107
        5598
        8194
        9056
        9245
        9339
        8196
        8336
        10083
        11030
        14150
        18427
        20922
        22932
        24599
        25817
        24385
        23393
        21231
        19198
        17272
        14840
        12866
        10492
        8849
        7162
        6249
        4897
        4334
        4012
        4196
        3934
        3888
        3579
        2663
        1997
        1477
        1163
        689
        328
        221
        96
        21
        2
        10
        0
        0
        0
        11
        0
        0
        0
        0
        0
        0
        0
        0
        0
        0
        0
        0
        0
