        18
        53
        18
        9
        30
        43
        32
        14
        15
        20
        11
        9
        5
        11
        12
        3
        17
        17
        5
        29
        22
        8
        28
        10
        11
        23
        4
        17
        21
        9
        7
        7
        0
        11
        10
        12
        10
        5
        5
        1
        1
        7
        13
        10
        14
        17
        1
        1
        4
        1
        9
        5
        6
        13
        0
        4
        3
        0
        14
        7
        0
        0
        6
        4
        7
        15
        12
        11
        16
        23
        10
        9
        10
        47
        45
        142
        290
        480
        724
        993
        1402
        1638
        1673
        1642
        1366
        1398
        1871
        1836
        2504
        3310
        3747
        3856
        4189
        4625
        4214
        4140
        3658
        3409
        2984
        2532
        2250
        1824
        1578
        1263
        1151
        846
        729
        771
        721
        641
        702
        633
        508
        332
        241
        207
        119
        56
        49
        12
        5
        0
        1
        0
        0
        0
        2
        0
        0
        0
        0
        0
        0
        0
        0
        0
        0
        0
        0
        0
