        78
        195
        82
        62
        139
        143
        124
        86
        59
        80
        62
        39
        28
        47
        63
        45
        59
        53
        29
        105
        72
        42
        84
        42
        52
        99
        28
        84
        70
        51
        42
        46
        23
        56
        34
        62
        52
        31
        31
        28
        13
        31
        57
        29
        48
        62
        8
        27
        14
        27
        23
        18
        18
        42
        4
        15
        10
        6
        49
        36
        0
        2
        21
        12
        39
        57
        50
        47
        68
        79
        31
        56
        31
        156
        187
        529
        1098
        2051
        3116
        4239
        6254
        6912
        7009
        7062
        6160
        6271
        7710
        8338
        10750
        14051
        15902
        17316
        18602
        19620
        18464
        17746
        16116
        14567
        13035
        11203
        9789
        7922
        6721
        5441
        4758
        3698
        3265
        3084
        3187
        2958
        2972
        2742
        2022
        1490
        1116
        892
        525
        246
        171
        74
        16
        0
        8
        0
        0
        0
        9
        0
        0
        0
        0
        0
        0
        0
        0
        0
        0
        0
        0
        0
