        44
        126
        50
        33
        85
        96
        79
        51
        39
        47
        31
        21
        16
        32
        37
        22
        41
        36
        17
        67
        46
        24
        56
        23
        26
        60
        14
        49
        48
        31
        26
        26
        11
        34
        21
        35
        31
        19
        19
        15
        5
        19
        34
        20
        31
        41
        5
        15
        8
        14
        17
        11
        11
        27
        0
        9
        7
        0
        31
        22
        0
        0
        12
        8
        23
        36
        29
        29
        41
        54
        19
        33
        18
        103
        120
        327
        702
        1256
        1876
        2563
        3778
        4220
        4271
        4236
        3659
        3728
        4747
        4965
        6550
        8574
        9697
        10344
        11106
        11964
        11161
        10745
        9743
        8809
        7841
        6700
        5905
        4779
        4065
        3294
        2924
        2242
        1945
        1905
        1903
        1750
        1815
        1679
        1259
        874
        654
        545
        319
        151
        113
        43
        10
        0
        5
        0
        0
        0
        6
        0
        0
        0
        0
        0
        0
        0
        0
        0
        0
        0
        0
        0
