        90
        223
        95
        74
        159
        161
        141
        102
        68
        92
        73
        46
        32
        52
        73
        53
        65
        59
        37
        120
        82
        49
        94
        50
        61
        114
        36
        97
        78
        59
        51
        53
        27
        64
        39
        73
        59
        35
        35
        34
        16
        35
        66
        32
        55
        70
        9
        32
        16
        33
        26
        21
        20
        48
        7
        17
        11
        8
        55
        41
        0
        3
        25
        14
        45
        66
        58
        54
        79
        89
        36
        65
        37
        176
        213
        615
        1252
        2360
        3598
        4898
        7199
        7945
        8093
        8163
        7146
        7262
        8856
        9643
        12384
        16162
        18323
        20017
        21506
        22602
        21323
        20471
        18581
        16813
        15071
        12960
        11271
        9167
        7748
        6273
        5480
        4272
        3781
        3533
        3677
        3432
        3417
        3146
        2325
        1735
        1290
        1025
        604
        286
        196
        85
        18
        1
        9
        0
        0
        0
        10
        0
        0
        0
        0
        0
        0
        0
        0
        0
        0
        0
        0
        0
