        66
        171
        71
        51
        120
        127
        108
        73
        51
        68
        51
        32
        24
        42
        54
        37
        53
        47
        25
        92
        62
        36
        74
        35
        43
        85
        22
        72
        62
        43
        36
        39
        19
        48
        29
        52
        45
        27
        27
        23
        10
        27
        49
        26
        42
        54
        7
        23
        12
        22
        21
        15
        16
        36
        2
        13
        9
        4
        43
        31
        0
        1
        17
        10
        33
        50
        43
        41
        58
        70
        27
        48
        26
        137
        162
        455
        955
        1765
        2668
        3630
        5367
        5947
        6011
        6041
        5253
        5354
        6645
        7117
        9225
        12090
        13672
        14800
        15902
        16846
        15815
        15198
        13824
        12480
        11167
        9571
        8396
        6782
        5757
        4672
        4090
        3170
        2789
        2663
        2725
        2522
        2559
        2364
        1745
        1262
        951
        767
        452
        209
        150
        63
        14
        0
        7
        0
        0
        0
        8
        0
        0
        0
        0
        0
        0
        0
        0
        0
        0
        0
        0
        0
