        1
        4
        1
        1
        1
        4
        2
        0
        1
        2
        1
        1
        0
        0
        0
        0
        1
        0
        0
        2
        0
        1
        2
        1
        0
        1
        0
        1
        1
        0
        1
        0
        0
        1
        1
        0
        0
        0
        0
        0
        0
        0
        0
        1
        1
        1
        0
        0
        0
        0
        0
        0
        1
        1
        0
        0
        0
        0
        1
        0
        0
        0
        0
        0
        0
        1
        1
        1
        1
        1
        3
        1
        3
        3
        10
        13
        26
        26
        40
        57
        66
        75
        91
        76
        63
        76
        98
        97
        110
        168
        186
        171
        159
        255
        174
        211
        194
        182
        158
        128
        110
        94
        79
        61
        61
        39
        38
        37
        33
        35
        33
        35
        26
        10
        13
        10
        2
        2
        2
        0
        0
        0
        0
        0
        0
        0
        0
        0
        0
        0
        0
        0
        0
        0
        0
        0
        0
        0
        0
        0
