        36
        106
        41
        26
        68
        80
        65
        40
        33
        40
        24
        17
        12
        27
        30
        16
        35
        31
        14
        55
        39
        18
        48
        18
        21
        49
        11
        39
        41
        25
        21
        20
        7
        27
        17
        28
        25
        15
        15
        11
        4
        16
        28
        17
        26
        35
        4
        11
        7
        10
        15
        9
        9
        23
        0
        7
        6
        0
        26
        18
        0
        0
        10
        7
        18
        30
        24
        23
        33
        46
        16
        27
        16
        87
        99
        275
        589
        1029
        1531
        2100
        3084
        3467
        3509
        3464
        2975
        3027
        3909
        4032
        5380
        7036
        7949
        8416
        9051
        9822
        9121
        8805
        7946
        7233
        6413
        5468
        4831
        3909
        3330
        2699
        2412
        1838
        1577
        1579
        1547
        1419
        1482
        1377
        1041
        712
        528
        446
        261
        124
        97
        34
        8
        0
        4
        0
        0
        0
        5
        0
        0
        0
        0
        0
        0
        0
        0
        0
        0
        0
        0
        0
