        10
        26
        9
        4
        14
        24
        16
        4
        7
        12
        5
        5
        2
        5
        4
        0
        6
        9
        1
        17
        12
        4
        17
        6
        5
        12
        1
        8
        10
        4
        4
        2
        0
        5
        6
        6
        4
        2
        2
        0
        0
        3
        6
        6
        6
        7
        0
        0
        2
        0
        5
        3
        4
        7
        0
        2
        1
        0
        7
        1
        0
        0
        3
        2
        2
        7
        6
        6
        9
        11
        6
        4
        6
        24
        22
        75
        152
        227
        346
        474
        657
        780
        817
        794
        645
        664
        911
        867
        1162
        1566
        1801
        1808
        1962
        2271
        1987
        1985
        1732
        1648
        1429
        1205
        1058
        879
        758
        595
        551
        394
        362
        374
        346
        310
        347
        290
        252
        148
        119
        93
        53
        26
        25
        6
        3
        0
        0
        0
        0
        0
        0
        0
        0
        0
        0
        0
        0
        0
        0
        0
        0
        0
        0
        0
