        3
        9
        3
        2
        5
        10
        6
        0
        3
        4
        2
        2
        0
        1
        0
        0
        2
        2
        0
        5
        3
        2
        7
        2
        0
        4
        0
        2
        4
        1
        2
        0
        0
        2
        2
        1
        1
        0
        0
        0
        0
        1
        0
        2
        2
        2
        0
        0
        0
        0
        1
        1
        2
        3
        0
        0
        0
        0
        2
        0
        0
        0
        1
        0
        0
        2
        2
        2
        3
        3
        4
        2
        4
        8
        13
        27
        58
        66
        113
        149
        193
        231
        255
        235
        182
        209
        284
        264
        334
        483
        533
        541
        547
        730
        577
        612
        533
        503
        433
        371
        321
        269
        233
        177
        175
        120
        116
        113
        98
        92
        105
        88
        81
        36
        35
        30
        11
        9
        7
        1
        1
        0
        0
        0
        0
        0
        0
        0
        0
        0
        0
        0
        0
        0
        0
        0
        0
        0
        0
        0
