       22
       33
       14
       12
       37
       20
       25
       14
       13
        9
        7
        4
        8
        6
       13
        6
       11
       20
       13
       11
        6
       18
       13
       18
       14
       16
       19
        7
        4
       13
        9
        7
        8
        6
       13
        6
        8
        4
        6
        9
        8
        6
       10
        9
        4
        5
        4
        5
        3
        5
        1
        6
        0
        3
        3
        3
        5
        1
       10
        8
        7
       13
        9
       13
       12
       15
       24
       72
      138
      288
      600
     1152
     1691
     2390
     2974
     3300
     3266
     2989
     2653
     2274
     2073
     1890
     1780
     1631
     1603
     1599
     1574
     1478
     1560
     1488
     1482
     1380
     1407
     1348
     1271
     1225
     1146
     1076
     1096
     1029
     1069
     1042
      996
      862
      851
      725
      580
      438
      302
      218
      130
       65
       41
       15
        9
        3
        2
        0
        0
        0
        0
        0
        0
        0
        0
        0
        0
        0
        0
        0
        0
        0
        0
        0
        0
        0
        0
        0
        0
        0
