149
442.377350 464.525787 -58.288441 442.037384 459.926819 0
442.377350 464.525787 -58.288441 438.308594 467.600708 0
442.749268 469.556793 -59.497063 438.308594 467.600708 0
442.749268 469.556793 -59.497063 442.129578 474.571167 0
443.447418 479.001038 -61.672302 442.129578 474.571167 0
445.097290 484.290009 -61.419209 442.129578 474.571167 0
445.097290 484.290009 -61.419209 449.954254 485.787476 0
453.515564 482.778717 -60.746864 449.954254 485.787476 0
453.515564 482.778717 -60.746864 457.933197 485.181610 0
460.837738 481.464203 -60.157242 457.933197 485.181610 0
460.837738 481.464203 -60.157242 465.840942 481.071350 0
470.258087 479.773010 -59.409275 465.840942 481.071350 0
470.258087 479.773010 -59.409275 474.232239 482.942871 0
476.389435 478.672272 -58.909519 474.232239 482.942871 0
476.389435 478.672272 -58.909519 479.586945 474.820496 0
483.553986 477.386047 -58.331791 479.586945 474.820496 0
483.553986 477.386047 -58.331791 488.630646 476.911346 0
493.065796 475.678436 -57.576920 488.630646 476.911346 0
493.065796 475.678436 -57.576920 498.094879 476.278534 0
502.146667 474.048187 -56.854572 498.094879 476.278534 0
502.146667 474.048187 -56.854572 505.550507 470.299103 0
509.599976 472.710144 -56.255051 505.550507 470.299103 0
509.599976 472.710144 -56.255051 510.738708 467.746155 0
513.550659 472.000885 -55.956902 510.738708 467.746155 0
513.550659 472.000885 -55.956902 517.998657 469.665161 0
523.059753 470.293762 -55.239273 517.998657 469.665161 0
523.059753 470.293762 -55.239273 528.116943 470.242523 0
532.427856 468.611969 -54.495251 528.116943 470.242523 0
532.427856 468.611969 -54.495251 536.870117 471.042877 0
539.744202 467.298523 -53.906071 536.870117 471.042877 0
539.744202 467.298523 -53.906071 544.719604 466.813629 0
549.652710 465.519714 -53.158298 544.719604 466.813629 0
549.652710 465.519714 -53.158298 552.624817 461.488922 0
556.446228 464.300110 -52.608574 552.624817 461.488922 0
556.446228 464.300110 -52.608574 560.900208 466.774139 0
564.221863 462.904205 -52.021767 560.900208 466.774139 0
564.221863 462.904205 -52.021767 568.933228 464.700867 0
572.300781 461.453827 -51.375031 568.933228 464.700867 0
572.300781 461.453827 -51.375031 568.933228 464.700867 4
440.188019 464.520813 -40.687298 442.037384 459.926819 0
440.801117 454.978943 -4.150413 442.037384 459.926819 0
440.801117 454.978943 -4.150413 444.252319 451.268616 0
441.298920 447.231354 25.999559 444.252319 451.268616 0
441.298920 447.231354 25.999559 437.571228 443.778320 0
441.703949 440.927490 50.621399 437.571228 443.778320 0
441.703949 440.927490 50.621399 441.176239 435.864227 0
442.113007 434.560822 75.000000 441.176239 435.864227 0
440.441711 440.911041 55.930431 441.176239 435.864227 0
440.441711 440.911041 55.930431 441.938110 445.755402 0
438.283356 449.111969 30.830532 441.938110 445.755402 0
438.283356 449.111969 30.830532 436.243591 453.686707 0
435.785034 458.604706 1.851359 436.243591 453.686707 0
435.785034 458.604706 1.851359 436.124786 463.656860 0
433.373688 467.766937 -26.135334 436.124786 463.656860 0
433.373688 467.766937 -26.135334 430.298370 471.795319 0
430.983398 476.849091 -53.408813 430.298370 471.795319 0
430.983398 476.849091 -53.408813 426.704346 479.556091 0
429.091125 484.039032 -75.000000 426.704346 479.556091 0
429.091125 484.039032 -75.000000 426.704346 479.556091 1
439.484436 456.074615 -55.633739 442.037384 459.926819 0
439.484436 456.074615 -55.633739 434.392517 455.812897 0
436.398743 451.418549 -53.801701 434.392517 455.812897 0
430.688599 452.768799 -51.998138 434.392517 455.812897 0
430.688599 452.768799 -51.998138 425.935425 454.473267 0
421.340881 454.979248 -49.132679 425.935425 454.473267 0
421.340881 454.979248 -49.132679 417.983643 458.778961 0
413.712921 456.783020 -46.769260 417.983643 458.778961 0
413.712921 456.783020 -46.769260 412.946167 461.760895 0
410.340576 457.580475 -45.648159 412.946167 461.760895 0
410.340576 457.580475 -45.648159 405.258148 457.173096 0
401.363220 459.703339 -42.890816 405.258148 457.173096 0
401.363220 459.703339 -42.890816 397.199524 456.758667 0
395.263397 461.145752 -40.973495 397.199524 456.758667 0
395.263397 461.145752 -40.973495 390.875244 463.698517 0
386.252808 463.276489 -38.206448 390.875244 463.698517 0
382.167664 411.507416 -105.172676 390.875244 463.698517 0
384.008301 434.832794 -75.000000 390.875244 463.698517 0
384.008301 434.832794 -75.000000 390.875244 463.698517 1
445.889069 456.584015 -56.252781 442.037384 459.926819 0
445.889069 456.584015 -56.252781 450.088837 453.787476 0
453.118439 450.309753 -54.433964 450.088837 453.787476 0
485.018219 430.870056 -66.075554 450.088837 453.787476 0
485.018219 430.870056 -66.075554 490.089539 430.515839 0
494.740845 432.607544 -65.582413 490.089539 430.515839 0
494.740845 432.607544 -65.582413 499.446259 430.695312 0
502.730835 434.035400 -65.152222 499.446259 430.695312 0
502.730835 434.035400 -65.152222 507.625214 432.641144 0
511.254120 435.558533 -64.694984 507.625214 432.641144 0
511.254120 435.558533 -64.694984 512.253479 440.542511 0
514.470337 436.133270 -64.506920 512.253479 440.542511 0
516.096680 437.395966 -64.130432 512.253479 440.542511 0
516.096680 437.395966 -64.130432 520.299072 440.150726 0
523.678223 443.282227 -62.642399 520.299072 440.150726 0
523.678223 443.282227 -62.642399 522.898743 448.276459 0
527.226135 446.036804 -61.907246 522.898743 448.276459 0
527.226135 446.036804 -61.907246 527.934509 451.064087 0
532.615112 450.220764 -60.828457 527.934509 451.064087 0
532.615112 450.220764 -60.828457 537.231018 448.186127 0
536.103699 452.929321 -60.104370 537.231018 448.186127 0
536.103699 452.929321 -60.104370 540.361633 450.176880 0
538.429382 454.734985 -59.597343 540.361633 450.176880 0
538.429382 454.734985 -59.597343 542.392456 457.944885 0
546.093689 460.685516 -58.093861 542.392456 457.944885 0
546.093689 460.685516 -58.093861 548.114746 465.306580 0
552.752319 465.855255 -56.778084 548.114746 465.306580 0
552.752319 465.855255 -56.778084 554.659851 470.553558 0
559.320251 470.954559 -55.479244 554.659851 470.553558 0
559.320251 470.954559 -55.479244 563.523621 473.731415 0
566.914124 476.850403 -53.988911 563.523621 473.731415 0
566.914124 476.850403 -53.988911 571.968933 477.524475 0
573.484375 481.951508 -52.689632 571.968933 477.524475 0
573.484375 481.951508 -52.689632 578.446594 480.956421 0
578.368469 485.743500 -51.705082 578.446594 480.956421 0
578.368469 485.743500 -51.705082 575.678772 490.038605 0
578.985413 486.222504 -51.516998 575.678772 490.038605 0
578.985413 486.222504 -51.516998 583.374756 488.803192 0
586.578552 492.117767 -50.026798 583.374756 488.803192 0
586.578552 492.117767 -50.026798 589.367615 496.363770 0
594.188965 498.026428 -48.606304 589.367615 496.363770 0
586.039978 499.682434 -45.521225 589.367615 496.363770 0
586.039978 499.682434 -45.521225 581.918030 496.679230 0
579.757507 500.959137 -43.104847 581.918030 496.679230 0
577.195374 498.604431 -41.795837 581.918030 496.679230 0
577.195374 498.604431 -41.795837 575.949890 493.691162 0
571.266174 493.155334 -38.590569 575.949890 493.691162 0
571.266174 493.155334 -38.590569 572.851379 488.348206 0
568.127747 490.270966 -36.987122 572.851379 488.348206 0
568.471558 486.143250 -35.453037 572.851379 488.348206 0
568.471558 486.143250 -35.453037 568.591187 481.047943 0
569.277100 476.472626 -32.070629 568.591187 481.047943 0
710.201111 387.396393 -228.215897 568.591187 481.047943 0
600.120483 456.976929 -75.000000 568.591187 481.047943 0
600.120483 456.976929 -75.000000 568.591187 481.047943 1
438.083923 463.148621 -59.142899 442.037384 459.926819 0
438.083923 463.148621 -59.142899 434.140656 466.377869 0
430.541077 469.295532 -63.078571 434.140656 466.377869 0
430.541077 469.295532 -63.078571 428.775513 474.036224 0
424.100647 474.544037 -66.465347 428.775513 474.036224 0
424.100647 474.544037 -66.465347 424.306213 479.634155 0
419.716553 478.116791 -68.828262 424.306213 479.634155 0
419.716553 478.116791 -68.828262 416.137939 474.489990 0
418.929718 478.757996 -69.220032 416.137939 474.489990 0
418.929718 478.757996 -69.220032 414.346069 480.947662 0
411.621796 484.713440 -73.038734 414.346069 480.947662 0
299.022949 647.342957 114.883392 414.346069 480.947662 0
322.920227 612.827515 75.000000 414.346069 480.947662 0
352.603088 814.124695 -89.575356 414.346069 480.947662 0
349.974274 796.297180 -75.000000 414.346069 480.947662 0
349.974274 796.297180 -75.000000 414.346069 480.947662 1
