        205
        247
        95
        155
        226
        242
        155
        101
        124
        86
        66
        62
        95
        21
        72
        77
        131
        97
        118
        57
        87
        120
        70
        101
        93
        142
        149
        57
        44
        165
        55
        60
        33
        113
        37
        58
        42
        85
        21
        36
        77
        37
        31
        83
        33
        46
        42
        69
        24
        8
        39
        4
        5
        47
        6
        12
        52
        29
        55
        95
        77
        107
        46
        106
        32
        170
        190
        434
        1174
        2540
        4929
        8808
        13980
        18699
        22450
        25264
        26166
        23679
        20238
        18417
        16853
        14449
        14049
        13172
        12604
        12407
        12061
        12583
        11619
        11434
        11365
        11621
        11247
        10704
        9947
        9623
        8788
        8338
        8606
        8152
        8376
        8199
        7790
        7060
        6600
        6120
        4427
        3551
        2310
        1502
        982
        567
        300
        150
        88
        31
        0
        0
        0
        0
        0
        0
        0
        0
        0
        0
        0
        0
        0
        0
        0
        0
        0
        0
        0
        0
        0
        0
        0
        0
