        120
        284
        122
        100
        207
        200
        176
        137
        89
        116
        98
        60
        40
        62
        95
        71
        79
        72
        55
        152
        104
        64
        115
        69
        80
        145
        60
        124
        97
        78
        69
        67
        37
        81
        49
        96
        73
        47
        43
        45
        23
        45
        85
        38
        73
        88
        11
        42
        21
        48
        32
        30
        24
        60
        13
        23
        13
        12
        67
        51
        0
        5
        33
        20
        58
        84
        78
        68
        105
        110
        46
        84
        51
        220
        272
        805
        1593
        3053
        4643
        6360
        9250
        10247
        10464
        10597
        9329
        9459
        11393
        12507
        16040
        20828
        23722
        26050
        27881
        29232
        27646
        26511
        24069
        21745
        19605
        16847
        14567
        11907
        10024
        8118
        7071
        5557
        4921
        4527
        4742
        4466
        4397
        4041
        3036
        2269
        1676
        1311
        780
        372
        247
        108
        25
        3
        11
        0
        0
        0
        12
        0
        0
        0
        0
        0
        0
        0
        0
        0
        0
        0
        0
        0
